[[0.61766994]]
[[0.9998033]]
[[0.9919704]]
[[0.5936421]]
[[0.7494102]]
[[0.9996209]]
[[0.6319109]]
[[0.99943787]]
[[0.7091636]]
[[0.73249084]]
[[0.9998044]]
[[0.95472157]]
[[0.7112725]]
[[0.01043788]]
[[0.5979818]]
[[0.74593323]]
[[0.90708375]]
[[0.4850923]]
[[0.9997528]]
[[0.9996548]]
[[0.71775156]]
[[0.715629]]
[[0.66719824]]
[[0.71818906]]
[[0.9873725]]
[[0.763795]]
[[0.31997812]]
[[0.14469138]]
[[0.79725504]]
[[0.99943006]]
[[0.7009619]]
[[0.5656394]]
[[0.9938275]]
[[0.49282455]]
[[0.5215342]]
[[0.8433387]]
[[0.71976364]]
[[0.94873875]]
[[0.6562724]]
[[0.9999821]]
[[0.9931214]]
[[0.9910424]]
[[0.68814456]]
[[0.22514707]]
[[0.38713098]]
[[0.9650937]]
[[0.99999034]]
[[0.9999995]]
[[0.75039274]]
[[0.99987286]]
[[0.9968246]]
[[0.6562534]]
[[0.6299349]]
[[0.99778104]]
[[0.9081583]]
[[0.6704074]]
[[0.63966805]]
[[0.9322947]]
[[0.75604254]]
[[0.6981149]]
[[0.7494645]]
[[0.01621664]]
[[0.97801316]]
[[0.47407106]]
[[0.851598]]
[[0.8300388]]
[[0.23126239]]
[[0.9752794]]
[[0.9945686]]
[[0.5583496]]
[[0.7860341]]
[[0.5916506]]
[[0.26059234]]
[[0.64685416]]
[[0.55038005]]
[[0.6795018]]
[[0.9947264]]
[[0.9999495]]
[[0.5724025]]
[[0.9976361]]
[[0.7174364]]
[[0.99933887]]
[[0.9989029]]
[[0.00116587]]
[[0.63984823]]
[[0.7346209]]
[[0.7832279]]
[[0.02214032]]
[[0.8838483]]
[[0.9995191]]
[[0.01890257]]
[[0.5094949]]
[[0.98377466]]
[[0.80300504]]
[[0.6437749]]
[[0.00788721]]
[[0.9998884]]
[[0.899768]]
[[0.76495755]]
[[0.91212195]]
[[0.00173748]]
[[0.96709275]]
[[0.7684674]]
[[0.22763821]]
[[0.63127214]]
[[0.99330944]]
[[0.9614268]]
[[0.94276446]]
[[8.594893e-05]]
[[0.00882179]]
[[0.73748034]]
[[0.99629897]]
[[0.973018]]
[[0.9696428]]
[[0.7678449]]
[[0.9978315]]
[[0.88611454]]
[[0.70189565]]
[[0.7504344]]
[[0.33653194]]
[[0.8674514]]
[[0.93211603]]
[[0.9998354]]
[[0.5670618]]
[[0.20105934]]
[[0.70919174]]
[[0.55509937]]
[[0.20516077]]
[[0.0297721]]
[[0.997978]]
[[0.66383594]]
[[0.6682521]]
[[0.10924369]]
[[0.61907166]]
[[0.97155666]]
[[2.604965e-06]]
[[0.8132791]]
[[0.312478]]
[[0.6701217]]
[[0.70094794]]
[[0.5024157]]
[[0.7801311]]
[[0.36263096]]
[[0.76143366]]
[[0.930363]]
[[0.21861562]]
[[0.19143835]]
[[0.9287112]]
[[0.6834129]]
[[0.4121148]]
[[0.9059428]]
[[0.9990169]]
[[0.51745576]]
[[0.809795]]
[[0.7299368]]
[[0.71572304]]
[[0.5211962]]
[[0.9999999]]
[[0.9802077]]
[[0.7692713]]
[[0.35124153]]
[[0.11691752]]
[[0.6612052]]
[[0.99136317]]
[[0.61794657]]
[[0.64007103]]
[[0.9988699]]
[[0.9616317]]
[[4.8117483e-05]]
[[0.05855834]]
[[7.2714876e-08]]
[[0.69586515]]
[[0.9887593]]
[[0.5938193]]
[[0.38399193]]
[[0.9971546]]
[[0.5384063]]
[[0.999576]]
[[0.7219924]]
[[0.60015]]
[[0.9058807]]
[[0.99187577]]
[[0.83883977]]
[[0.96082604]]
[[0.99940276]]
[[0.73004067]]
[[0.99981636]]
[[0.9957219]]
[[0.8021015]]
[[0.88817704]]
[[0.31773803]]
[[0.44503003]]
[[0.8818786]]
[[0.5665404]]
[[0.5980601]]
[[0.999162]]
[[0.08513606]]
[[0.16947109]]
[[0.9999962]]
[[0.3560919]]
[[0.0161984]]
[[0.5832856]]
[[0.9999223]]
[[0.6836446]]
[[0.50672776]]
[[0.7377788]]
[[0.10752752]]
[[0.5564612]]
[[0.6257725]]
[[0.7727883]]
[[0.88608783]]
[[0.67055285]]
[[0.7169929]]
[[0.8173913]]
[[0.9973216]]
[[0.6487738]]
[[0.64810985]]
[[0.02232251]]
[[0.44239095]]
[[0.9993708]]
[[0.24290875]]
[[0.99834263]]
[[0.66367394]]
[[0.9448794]]
[[0.66254807]]
[[0.7965777]]
[[0.6811811]]
[[0.8402778]]
[[0.99939656]]
[[0.84224594]]
[[0.34282634]]
[[0.93886644]]
[[0.90442765]]
[[0.42856917]]
[[0.9989909]]
[[0.31846595]]
[[0.98278236]]
[[0.58043146]]
[[0.058965]]
[[0.5989911]]
[[0.7809802]]
[[0.99756885]]
[[0.99999386]]
[[0.96044064]]
[[0.87662965]]
[[0.58667624]]
[[0.3272555]]
[[0.97131866]]
[[0.05768403]]
[[0.5028632]]
[[0.06147099]]
[[0.60633963]]
[[0.5638524]]
[[0.65770584]]
[[0.6742352]]
[[0.66859365]]
[[0.9993762]]
[[0.73845917]]
[[0.6836972]]
[[0.99997914]]
[[0.9292847]]
[[0.6385671]]
[[0.02971616]]
[[0.90010333]]
[[0.99990827]]
[[0.4509039]]
[[0.99058753]]
[[0.9973488]]
[[0.91379493]]
[[0.98536754]]
[[0.01883906]]
[[0.9035624]]
[[0.6438341]]
[[0.80908406]]
[[0.6125231]]
[[0.41495645]]
[[0.999478]]
[[0.9788544]]
[[0.670692]]
[[0.5433072]]
[[0.47887164]]
[[0.26560223]]
[[0.47836375]]
[[0.2845347]]
[[0.34143192]]
[[0.70001286]]
[[0.74003637]]
[[0.99999213]]
[[0.61187446]]
[[0.90456307]]
[[0.8599144]]
[[0.9999253]]
[[0.9999771]]
[[0.7684417]]
[[0.594854]]
[[0.59949917]]
[[0.8889715]]
[[0.90482414]]
[[0.8048812]]
[[0.9998915]]
[[0.74306667]]
[[0.7045178]]
[[0.11272988]]
[[0.00512415]]
[[0.9977828]]
[[0.6441492]]
[[0.6772445]]
[[0.9865105]]
[[0.596194]]
[[0.7639429]]
[[0.8650806]]
[[0.7888464]]
[[0.9999497]]
[[0.98955286]]
[[0.99766314]]
[[0.9879327]]
[[0.72449636]]
[[0.9999994]]
[[0.9997941]]
[[0.9974395]]
[[0.9999863]]
[[0.7015087]]
[[0.7923471]]
[[0.48123682]]
[[0.4503126]]
[[0.99740815]]
[[0.8303292]]
[[0.12582919]]
[[0.976843]]
[[0.00955048]]
[[0.8847014]]
[[0.5373833]]
[[0.97970283]]
[[0.60613817]]
[[0.9946853]]
[[0.98972076]]
[[0.9970641]]
[[0.41069955]]
[[0.6510701]]
[[0.81797755]]
[[0.99696934]]
[[0.97532505]]
[[0.82761884]]
[[0.00177228]]
[[0.9990326]]
[[0.99995166]]
[[0.49478528]]
[[0.9999061]]
[[0.00216541]]
[[0.3805882]]
[[0.6542531]]
[[0.59980285]]
[[0.99518925]]
[[0.6802432]]
[[0.00180808]]
[[0.99572337]]
[[0.38943595]]
[[0.5597598]]
[[0.9740834]]
[[0.99471134]]
[[0.9810667]]
[[0.8988346]]
[[0.984398]]
[[0.45630223]]
[[0.9959609]]
[[0.21706563]]
[[0.99999845]]
[[0.00018421]]
[[0.6786965]]
[[0.22086328]]
[[0.9387723]]
[[0.6695155]]
[[0.65503544]]
[[0.52940875]]
[[0.71035755]]
[[0.99999833]]
[[0.6054929]]
[[0.05119014]]
[[0.7826618]]
[[0.7745218]]
[[0.9919037]]
[[0.75290585]]
[[0.5571061]]
[[0.83965945]]
[[0.7897594]]
[[0.71264315]]
[[0.9999842]]
[[0.68258405]]
[[0.6177299]]
[[0.997154]]
[[0.3202588]]
[[0.19675669]]
[[0.6274185]]
[[0.99957556]]
[[0.04610968]]
[[0.35342586]]
[[0.99492383]]
[[0.897598]]
[[0.508156]]
[[0.9707676]]
[[0.6652942]]
[[0.73412895]]
[[0.5256087]]
[[0.6203324]]
[[0.5105435]]
[[0.61659026]]
[[0.9998401]]
[[0.7061984]]
[[0.49654958]]
[[0.9907254]]
[[0.99362445]]
[[0.99999905]]
[[0.84790796]]
[[0.6231863]]
[[0.85201204]]
[[0.8129899]]
[[0.921485]]
[[0.3338896]]
[[0.45674953]]
[[0.66383225]]
[[0.7301566]]
[[0.67157817]]
[[0.74888414]]
[[0.38179106]]
[[0.2748124]]
[[0.64495105]]
[[0.72460234]]
[[0.9949235]]
[[0.86826265]]
[[0.6642952]]
[[0.54417205]]
[[0.83150077]]
[[0.6864331]]
[[0.01991522]]
[[0.6248274]]
[[0.9996321]]
[[0.8352824]]
[[0.0260765]]
[[0.52749705]]
[[0.06363341]]
[[0.9328705]]
[[0.6810417]]
[[0.68404657]]
[[3.5353824e-07]]
[[0.00126621]]
[[0.01349846]]
[[0.9989703]]
[[0.7318008]]
[[0.56591344]]
[[0.5850174]]
[[0.54866755]]
[[0.9996903]]
[[0.694124]]
[[0.7364731]]
[[0.90386605]]
[[0.2871676]]
[[0.51128113]]
[[0.9953841]]
[[0.99993557]]
[[0.77161646]]
[[0.6655286]]
[[0.7443538]]
[[0.9973153]]
[[0.63204515]]
[[0.8382987]]
[[0.9319172]]
[[0.09849569]]
[[0.9210577]]
[[0.65004474]]
[[0.72391796]]
[[0.17093667]]
[[0.87331796]]
[[0.6026471]]
[[0.172723]]
[[0.67646646]]
[[0.9944757]]
[[0.99471134]]
[[0.66019183]]
[[0.00842455]]
[[0.5654448]]
[[0.5067704]]
[[0.5932392]]
[[0.6934643]]
[[0.93565464]]
[[0.64049387]]
[[0.8520514]]
[[0.9981291]]
[[0.63920945]]
[[0.6606418]]
[[0.9649911]]
[[0.9999715]]
[[0.74892837]]
[[0.00404382]]
[[0.62152606]]
[[0.99786174]]
[[0.00341088]]
[[0.9976196]]
[[0.76637083]]
[[0.685469]]
[[0.9998194]]
[[0.30907434]]
[[0.6002059]]
[[0.00027698]]
[[0.96315247]]
[[0.6327996]]
[[0.99797237]]
[[0.06964746]]
[[0.999669]]
[[0.5796783]]
[[0.8414829]]
[[0.57229483]]
[[0.99770623]]
[[0.9989986]]
[[0.954015]]
[[0.5841032]]
[[0.72165686]]
[[0.91273373]]
[[0.68537515]]
[[0.6684577]]
[[0.9969312]]
[[0.14793366]]
[[0.2687386]]
[[0.9968716]]
[[7.0385824e-05]]
[[0.3010115]]
[[0.6170486]]
[[0.5262065]]
[[0.6443466]]
[[0.30246258]]
[[0.3604979]]
[[0.656641]]
[[1.]]
[[0.64459264]]
[[0.7689066]]
[[0.52622813]]
[[0.998623]]
[[0.9958096]]
[[0.6838467]]
[[0.99898577]]
[[0.5903128]]
[[0.5558903]]
[[0.97388357]]
[[0.9956689]]
[[0.46436137]]
[[0.15411991]]
[[0.58492863]]
[[0.99463946]]
[[1.6622584e-05]]
[[0.6266954]]
[[0.623699]]
[[0.99900055]]
[[2.7336364e-05]]
[[0.49256292]]
[[0.6553437]]
[[0.41965368]]
[[0.9894698]]
[[0.96775264]]
[[0.9999795]]
[[0.06358448]]
[[0.02766255]]
[[0.891034]]
[[0.99274963]]
[[0.99741507]]
[[0.8286823]]
[[0.87583053]]
[[0.99096334]]
[[0.5797132]]
[[0.63851464]]
[[0.21897796]]
[[0.35385245]]
[[0.98003805]]
[[0.5063463]]
[[0.6304737]]
[[0.84899014]]
[[0.6564199]]
[[0.68598914]]
[[0.3954546]]
[[0.6222099]]
[[0.9082427]]
[[0.62884676]]
[[0.9741454]]
[[0.03161591]]
[[0.00834519]]
[[0.9693503]]
[[1.4398947e-05]]
[[0.27690917]]
[[0.68360364]]
[[0.02408782]]
[[0.5452762]]
[[0.6018842]]
[[0.5514141]]
[[0.66035366]]
[[0.00054619]]
[[0.72351736]]
[[0.8181466]]
[[0.99983335]]
[[0.49658224]]
[[0.689743]]
[[0.9483387]]
[[0.97826564]]
[[0.9995743]]
[[0.58687115]]
[[0.95009017]]
[[0.70247585]]
[[0.9998615]]
[[0.61825186]]
[[0.5801321]]
[[0.99221283]]
[[0.8401073]]
[[0.7510555]]
[[0.9868767]]
[[0.9454185]]
[[0.35007426]]
[[0.5680755]]
[[0.9998112]]
[[0.99925095]]
[[0.9876193]]
[[0.00054577]]
[[0.03871071]]
[[0.40668482]]
[[0.9866961]]
[[0.99968183]]
[[0.1495485]]
[[0.99998844]]
[[0.3600934]]
[[0.99725455]]
[[0.17801467]]
[[0.88662255]]
[[0.61113775]]
[[0.86837894]]
[[0.71583116]]
[[0.55240315]]
[[0.4888406]]
[[0.6637437]]
[[0.04553127]]
[[0.45301145]]
[[0.64851195]]
[[0.9994354]]
[[0.70875776]]
[[0.6989913]]
[[0.58224535]]
[[0.86862886]]
[[0.99994296]]
[[0.99935067]]
[[0.9999621]]
[[0.68309647]]
[[0.7126357]]
[[0.99580324]]
[[0.62102866]]
[[0.15348873]]
[[0.9271672]]
[[0.6586861]]
[[0.60981]]
[[0.9999974]]
[[0.928465]]
[[0.99998415]]
[[0.9936874]]
[[8.52399e-05]]
[[0.76981914]]
[[0.9999614]]
[[0.9652524]]
[[0.67886275]]
[[0.9840566]]
[[0.20307103]]
[[0.99468434]]
[[0.9998155]]
[[0.68884754]]
[[0.01728353]]
[[0.9270904]]
[[0.99954593]]
[[0.5849067]]
[[0.72848284]]
[[0.99137247]]
[[0.8190347]]
[[0.85570407]]
[[0.66443074]]
[[0.03851101]]
[[0.60215414]]
[[0.5276555]]
[[0.25167382]]
[[0.9244192]]
[[0.45873916]]
[[0.88100284]]
[[0.2041829]]
[[0.12392318]]
[[0.99841774]]
[[0.65433836]]
[[0.7718096]]
[[0.98675114]]
[[0.8101912]]
[[0.5859565]]
[[0.59312874]]
[[0.8911427]]
[[0.986922]]
[[0.9968177]]
[[0.83926904]]
[[0.3286605]]
[[0.99876034]]
[[0.69970524]]
[[0.9947323]]
[[0.90123844]]
[[0.72272336]]
[[0.76799476]]
[[0.99344116]]
[[0.63712615]]
[[0.8265468]]
[[0.01866218]]
[[0.6617256]]
[[0.7010302]]
[[0.8736851]]
[[0.5480546]]
[[0.77150047]]
[[0.6357527]]
[[0.59170747]]
[[0.89704823]]
[[0.0548003]]
[[0.5857174]]
[[0.9941797]]
[[0.89969265]]
[[0.64350504]]
[[0.99202657]]
[[0.5295301]]
[[0.5748205]]
[[0.7417275]]
[[0.71410847]]
[[0.5236306]]
[[0.32246363]]
[[0.99999094]]
[[6.0226494e-06]]
[[0.63790685]]
[[0.6291468]]
[[0.9985846]]
[[0.7273081]]
[[0.97022057]]
[[0.54582125]]
[[0.17783254]]
[[0.56653243]]
[[0.81795573]]
[[0.8391422]]
[[0.77080476]]
[[0.6065645]]
[[0.03371337]]
[[0.9752782]]
[[0.99998057]]
[[0.9567094]]
[[0.5219092]]
[[0.99803543]]
[[0.15713662]]
[[0.22317281]]
[[0.9561138]]
[[0.6045183]]
[[0.65943635]]
[[0.72302234]]
[[0.01419035]]
[[0.69651604]]
[[0.9836159]]
[[0.7654067]]
[[0.9597266]]
[[0.00227845]]
[[0.9806826]]
[[0.13193661]]
[[0.27811152]]
[[0.9976307]]
[[0.3344906]]
[[0.94573295]]
[[0.29300925]]
[[0.9719411]]
[[0.7126549]]
[[0.9859338]]
[[0.62782085]]
[[0.67736447]]
[[0.80974936]]
[[0.00036639]]
[[0.48250404]]
[[0.6498705]]
[[0.99677324]]
[[0.69107246]]
[[0.9976813]]
[[0.9994247]]
[[0.8942998]]
[[0.95487034]]
[[0.76196873]]
[[0.66009253]]
[[0.6437119]]
[[0.6717581]]
[[0.5567435]]
[[0.9999566]]
[[0.99992293]]
[[0.9994881]]
[[0.9989102]]
[[0.5625787]]
[[0.9861307]]
[[0.7731749]]
[[0.538521]]
[[0.7397771]]
[[0.27739137]]
[[1.5598904e-07]]
[[0.02577683]]
[[0.6759292]]
[[0.49562693]]
[[0.42368042]]
[[0.86947536]]
[[0.9987409]]
[[0.48939425]]
[[0.5811399]]
[[0.8747668]]
[[0.8809403]]
[[0.00347483]]
[[0.7484652]]
[[0.939683]]
[[0.5663791]]
[[0.4172773]]
[[0.8420774]]
[[0.8143753]]
[[0.7920003]]
[[0.01338059]]
[[0.5946585]]
[[0.4758148]]
[[0.00240076]]
[[0.55330503]]
[[0.7979629]]
[[0.4594889]]
[[0.7052625]]
[[0.9889493]]
[[0.6565255]]
[[0.66987437]]
[[0.48314157]]
[[0.8822099]]
[[0.3606667]]
[[0.6475808]]
[[0.54697454]]
[[0.9999999]]
[[0.93935883]]
[[0.8965546]]
[[0.92517865]]
[[0.9924363]]
[[0.99030143]]
[[1.]]
[[0.27553344]]
[[0.9719223]]
[[0.5970662]]
[[0.6930964]]
[[0.9991148]]
[[0.72962093]]
[[0.5067904]]
[[0.67609084]]
[[0.7750416]]
[[0.98770225]]
[[0.9353732]]
[[0.5422339]]
[[0.64185685]]
[[0.93945104]]
[[0.68147004]]
[[0.9167096]]
[[0.61206716]]
[[0.33789608]]
[[0.32379365]]
[[0.77115506]]
[[0.99883157]]
[[0.582007]]
[[0.39119044]]
[[0.98012805]]
[[0.99220335]]
[[0.86669666]]
[[0.9995808]]
[[0.99767685]]
[[0.5769078]]
[[0.73286]]
[[0.72451675]]
[[0.66807497]]
[[0.99070513]]
[[0.7892444]]
[[0.69820344]]
[[0.58529097]]
[[0.81003785]]
[[0.49430296]]
[[0.79937863]]
[[9.124247e-08]]
[[0.5841235]]
[[5.8112102e-05]]
[[0.7115592]]
[[0.6138489]]
[[0.9917006]]
[[0.9999857]]
[[0.9991678]]
[[0.99999505]]
[[0.83064175]]
[[0.7157532]]
[[0.6494909]]
[[0.73537844]]
[[0.98870844]]
[[0.9999995]]
[[0.58766276]]
[[0.9131651]]
[[0.9999677]]
[[0.6517391]]
[[0.48531213]]
[[0.7289096]]
[[0.6250849]]
[[0.00100955]]
[[0.9656723]]
[[0.9803511]]
[[0.589691]]
[[0.9998146]]
[[0.22876078]]
[[0.3749065]]
[[0.6791611]]
[[0.31255013]]
[[0.99571085]]
[[0.00965962]]
[[0.9683237]]
[[0.6515364]]
[[0.3784185]]
[[0.98085535]]
[[0.28563452]]
[[0.6865832]]
[[0.81712043]]
[[0.02564627]]
[[0.7191151]]
[[0.16612774]]
[[0.76270986]]
[[0.46806476]]
[[0.88667727]]
[[0.97096986]]
[[0.6184571]]
[[0.05931759]]
[[0.0010435]]
[[0.8665358]]
[[0.20282254]]
[[0.6365272]]
[[0.99973875]]
[[0.66100645]]
[[0.00115779]]
[[0.5970304]]
[[9.417353e-05]]
[[0.9875277]]
[[0.6311867]]
[[0.9223114]]
[[0.09311071]]
[[0.35241932]]
[[0.0832032]]
[[0.98904127]]
[[0.84118915]]
[[0.7759287]]
[[0.1778265]]
[[0.07493693]]
[[0.59863114]]
[[0.92329836]]
[[0.601649]]
[[0.11104822]]
[[0.9977584]]
[[0.7738458]]
[[0.8582145]]
[[0.93015355]]
[[0.7952627]]
[[0.5290876]]
[[0.53147453]]
[[0.6794126]]
[[0.9974522]]
[[0.52634764]]
[[0.93114626]]
[[0.48986027]]
[[0.99999297]]
[[0.68638635]]
[[0.6174036]]
[[0.5740446]]
[[0.9053923]]
[[0.6464859]]
[[0.58500123]]
[[0.15921155]]
[[0.02766508]]
[[0.99980825]]
[[0.00162882]]
[[0.6310229]]
[[0.83914065]]
[[0.94045436]]
[[0.6317507]]
[[0.9030199]]
[[0.85005563]]
[[0.99873304]]
[[0.8245226]]
[[0.91632473]]
[[0.95014024]]
[[0.65058047]]
[[0.85568476]]
[[4.2906568e-06]]
[[0.35070944]]
[[0.15918162]]
[[1.]]
[[0.6818178]]
[[0.8947162]]
[[0.77274466]]
[[0.54752934]]
[[0.2557736]]
[[0.6911329]]
[[0.29497856]]
[[0.3081898]]
[[0.6522696]]
[[0.00108826]]
[[1.]]
